 GoToToiletMasonAction, StandStillMasonAction, SlowWanderMasonAction, FastWanderMasonAction, WaitForFriendMasonAction, IdleMasonAction
,,45,52,,3
,,46,54,,
,,46,54,,
,,46,54,,
,,46,54,,
,,46,54,,
,,46,54,,
,,46,54,,
,,46,54,,
,,46,54,,
,,46,54,,
,,46,2,,52
,,68,28,,4
,,69,30,,1
,,69,30,,1
,,69,30,,1
,,69,30,,1
,,69,30,,1
,,69,30,,1
,,69,30,,1
,,69,30,,1
,,24,30,,46
,,42,52,,6
,,45,26,,29
,,54,43,,3
,,54,45,,1
,,54,45,,1
,,54,45,,1
,,54,45,,1
,,54,45,,1
,,54,45,,1
,,54,45,,1
,,54,45,,1
,,32,23,,45
,,48,45,,7
,,51,28,1,20
1,,60,36,1,2
1,,62,36,1,
1,,62,36,1,
1,,62,36,1,
1,,62,36,1,
1,,62,36,1,
1,,62,36,,1
1,,43,36,,20
1,,47,44,,8
1,,42,23,,34
1,,51,43,,5
1,,53,35,,11
1,,54,44,,1
1,,54,44,,1
1,,54,44,,1
1,,54,44,,1
1,,54,44,,1
1,,54,44,,1
1,,54,44,,1
1,,37,36,,26
1,,45,47,,7
1,,37,30,,32
1,,48,44,,7
1,,51,38,,10
1,,56,42,,1
1,,56,42,,1
1,,56,42,,1
1,,56,42,,1
1,,56,42,,1
1,,49,42,,8
1,,48,46,,5
1,,41,34,,24
1,,49,42,,8
1,,52,29,,18
1,,58,37,,4
1,,59,35,,5
1,,62,36,,1
1,,62,36,,1
1,,62,36,,1
1,,62,36,,1
1,,62,36,,1
1,,51,32,,16
1,,55,40,,4
1,,42,30,,27
1,,46,44,,9
1,,43,37,,19
1,,49,47,,3
1,,50,47,,2
1,,51,47,,1
1,,51,47,,1
1,,51,47,,1
1,,48,47,,4
1,,48,48,,3
1,,39,39,,21
1,,42,47,,10
1,,38,36,,25
,1,43,46,1,9
1,1,44,38,1,15
1,1,54,42,1,1
1,1,54,42,1,1
1,1,54,43,1,
1,1,54,43,1,
1,1,54,43,1,
1,,49,42,,8
1,1,53,43,,2
1,1,47,32,,19
1,1,52,37,,9
1,1,48,29,,21
1,1,54,37,,7
1,1,55,37,,6
1,1,55,42,,1
1,,55,41,,3
1,,56,42,,1
2,,54,42,,2
2,,54,43,,1
2,,48,41,,9
2,,49,46,,3
2,,44,36,,18
2,,46,39,,13
2,,40,34,,24
2,,47,42,,9
2,,49,42,,7
2,,49,47,1,1
2,,49,46,1,2
2,,49,48,1,
2,,45,47,1,5
2,,46,49,1,2
2,,40,45,1,12
2,,41,52,1,4
2,,35,45,1,17
2,,44,43,1,10
2,,44,38,1,15
2,,48,43,1,6
1,,48,44,1,6
1,,50,48,1,
1,,49,46,1,3
1,,48,49,,2
1,,45,48,,6
1,,45,51,,3
1,,40,44,,15
1,,40,51,,8
1,,38,49,,12
1,,39,47,,13
1,,43,45,,11
1,,46,45,,8
1,,47,47,,5
1,,47,49,,3
1,,45,47,,7
1,,48,48,,3
2,,46,45,,7
2,,49,47,,2
2,,40,38,,20
2,,45,47,,6
2,,42,45,,11
2,,45,43,,10
2,,45,42,,11
2,,47,45,,6
2,,48,47,,3
2,,49,48,,1
2,,48,47,,3
2,,47,49,,2
2,,43,47,1,7
2,1,38,50,1,8
2,1,37,42,1,17
2,3,39,46,1,9
2,3,40,45,1,9
2,3,42,46,1,6
2,3,43,41,1,10
2,3,47,42,,6
2,2,44,43,,9
2,2,46,46,,4
2,,43,46,,9
1,1,45,49,,4
1,1,43,47,,8
1,1,43,50,,5
1,1,43,43,,12
1,1,46,41,,11
1,1,50,39,,9
1,1,53,39,,6
1,,54,36,,9
1,1,55,38,,5
1,1,56,37,,5
1,1,57,37,,4
1,1,59,33,,6
1,1,58,36,,4
1,2,52,30,,15
1,2,49,40,,8
1,1,49,40,,9
1,1,51,40,,7
1,2,48,40,,9
1,2,47,45,,5
1,2,46,41,,10
1,1,49,41,,8
1,1,48,41,,9
1,1,46,47,,5
1,1,45,45,,8
1,,44,48,,7
1,,40,41,,18
1,,38,47,,14
1,,38,48,,13
1,,39,52,,8
1,,39,49,,11
1,,39,55,,5
1,,40,54,,5
1,,39,53,,7
1,,39,50,,10
1,,42,53,,4
