edges = -200:25:200
